1     0.0143841993     0.9998519509     0.0094430495     1.2703100000       82.674        2.503     -127.252
2     0.0000000000     1.0000000000     0.0000000000     0.0000000000        0.000        0.000        0.000
3     0.0001267190    -0.9999876207     0.0049741681     1.3436600000      -39.557       -0.781     -157.049
4     0.8818100940    -0.4691560500    -0.0479954051     0.1119180000      -68.398       84.056       44.039
5    -0.1904901178    -0.8957105540    -0.4017662485     0.0322133000      -14.741      208.203       -1.742
6     0.4711950366    -0.8740450680     0.1184080092     0.0462324000       42.704     -116.821      -19.905
7     0.4477788971    -0.8827176776     0.1424905646     0.0476860607      -67.457     -116.480      -20.079
8    -0.9996430054    -0.0056398636     0.0261161567     2.8215116901       -6.998      -74.008      -58.834
9    -0.9998728328    -0.0084111190     0.0135488484     2.8799023843       -3.344     -203.341      -49.792
10     0.4653467448    -0.8848573833     0.0219047559     0.0516510284      -31.005     -125.714      -17.107
11    -0.9996430054    -0.0056398636     0.0261161567     2.8215116901       -6.998      -74.008      -58.834
